id	alpha_mon	beta_mon	gamma_mon	LL_mon	r2_adj_mon	AIC_mon	BIC_mon	model_mon	exitFlag_mon	optimizer_mon
109223	0.178700	4.091700	-1.708950	-7.815703	0.769884	21.631406	27.306866	ambigNrisk	1.000000	fminsearch
251313	0.178700	-0.776736	-7.415788	-8.458065	0.750971	22.916129	28.591590	ambigNrisk	1.000000	fminsearch
263822	0.387626	0.457558	-60.557271	-0.000200	0.999994	6.000400	11.675861	ambigNrisk	1.000000	fminsearch
1262701	0.687768	1.087318	-0.073544	-12.463429	0.633042	30.926859	36.602320	ambigNrisk	1.000000	fminunc
2053190	0.928978	0.895414	-0.009018	-21.688776	0.361423	49.377552	55.053013	ambigNrisk	1.000000	fminunc
2190338	0.178701	-0.499524	-167122.679614	-0.004500	0.999868	6.009000	11.684461	ambigNrisk	1.000000	fminsearch
2987669	0.898765	0.982275	-0.017397	-14.665639	0.568203	35.331277	41.006738	ambigNrisk	1.000000	fminunc
3015396	0.178700	4.091700	-0.990283	-12.531364	0.631042	31.062727	36.738188	ambigNrisk	1.000000	fminsearch
3056693	0.178701	-0.499524	-167122.679614	-0.004500	0.999868	6.009000	11.684461	ambigNrisk	1.000000	fminsearch
3541169	0.491895	0.381658	-0.290002	-15.529349	0.542773	37.058699	42.734160	ambigNrisk	1.000000	fminunc
3874224	0.686119	0.386548	-0.059519	-21.591461	0.364288	49.182921	54.858382	ambigNrisk	1.000000	fminunc
4137270	0.335070	0.270169	-0.869228	-12.300801	0.637831	30.601602	36.277063	ambigNrisk	1.000000	fminunc
4553783	0.639810	0.178422	-0.186809	-9.945072	0.707190	25.890144	31.565605	ambigNrisk	1.000000	fminunc
4659692	0.686182	0.252112	-0.141877	-9.521150	0.719671	25.042301	30.717761	ambigNrisk	1.000000	fminunc
4808624	0.178701	-0.499524	-167122.679614	-0.004500	0.999868	6.009000	11.684461	ambigNrisk	1.000000	fminsearch
4868303	0.344945	0.057256	-0.215342	-30.971627	0.088110	67.943254	73.618714	ambigNrisk	1.000000	fminunc
5232638	1.299380	0.197373	-0.001766	-12.579723	0.629618	31.159447	36.834907	ambigNrisk	1.000000	fminsearch
5602298	0.198276	4.091700	-3.621859	-3.549728	0.895486	13.099456	18.774917	ambigNrisk	1.000000	fminsearch
5848881	0.178701	-0.499524	-167122.679614	-0.004500	0.999868	6.009000	11.684461	ambigNrisk	1.000000	fminsearch
6879388	0.178701	-0.499524	-167122.679614	-0.004500	0.999868	6.009000	11.684461	ambigNrisk	1.000000	fminsearch
6968509	0.723493	1.720650	-3.673616	-0.000600	0.999982	6.001200	11.676661	ambigNrisk	1.000000	fminsearch
7169159	0.646848	-0.153477	-0.056213	-26.307496	0.225435	58.614993	64.290454	ambigNrisk	1.000000	fminunc
7264683	0.495571	0.357362	-0.385048	-11.733539	0.654532	29.467078	35.142539	ambigNrisk	1.000000	fminunc
7422898	0.178700	1.110830	-0.600992	-26.120473	0.230941	58.240946	63.916407	ambigNrisk	1.000000	fminsearch
7436226	0.926136	0.917057	-0.009057	-21.701209	0.361057	49.402419	55.077880	ambigNrisk	1.000000	fminunc
7506055	0.546741	0.407652	-0.192904	-16.726796	0.507517	39.453593	45.129054	ambigNrisk	1.000000	fminunc
7560831	1.540040	0.463783	-0.048888	-9.212840	0.728749	24.425681	30.101142	ambigNrisk	1.000000	fminunc
8150908	0.571302	-0.035338	-0.164291	-19.679510	0.420581	45.359020	51.034481	ambigNrisk	1.000000	fminunc
8774892	0.924688	-1.102419	-0.021990	-11.278173	0.667939	28.556346	34.231807	ambigNrisk	1.000000	fminunc
8775500	0.387626	0.457558	-60.557271	-0.000200	0.999994	6.000400	11.675861	ambigNrisk	1.000000	fminsearch
9140074	0.621635	0.197529	-0.261771	-7.589061	0.776557	21.178122	26.853583	ambigNrisk	1.000000	fminunc
9216122	0.178701	-0.499524	-167122.679614	-0.004500	0.999868	6.009000	11.684461	ambigNrisk	1.000000	fminsearch
9532826	0.178701	-0.499524	-167122.679614	-0.004500	0.999868	6.009000	11.684461	ambigNrisk	1.000000	fminsearch
9667313	0.328603	1.824596	-17.475745	-1.386294	0.959184	8.772589	14.448050	ambigNrisk	1.000000	fminsearch
9782397	0.620908	0.182504	-0.162106	-14.037859	0.586687	34.075718	39.751179	ambigNrisk	1.000000	fminunc
9788316	0.365815	0.004855	-1.459665	-8.252937	0.757011	22.505874	28.181335	ambigNrisk	1.000000	fminunc
9876679	0.824597	0.632310	-0.039261	-13.208612	0.611102	32.417224	38.092685	ambigNrisk	1.000000	fminunc
10064427	0.238563	0.470714	-1.224159	-13.180013	0.611944	32.360025	38.035486	ambigNrisk	1.000000	fminunc
10128554	0.392637	4.091700	-1.545969	-3.300848	0.902814	12.601697	18.277158	ambigNrisk	1.000000	fminsearch
10164709	0.223466	1.354241	-121.374752	-0.000000	1.000000	6.000000	11.675461	ambigNrisk	1.000000	fminsearch
11126528	0.328603	1.824596	-17.475745	-1.386294	0.959184	8.772589	14.448050	ambigNrisk	1.000000	fminsearch
11505288	0.387626	0.457558	-60.557271	-0.000200	0.999994	6.000400	11.675861	ambigNrisk	1.000000	fminsearch
11955449	0.645965	0.746153	-0.061412	-21.534413	0.365968	49.068826	54.744287	ambigNrisk	1.000000	fminunc
11981835	0.462496	0.000187	-0.783193	-10.228458	0.698846	26.456916	32.132377	ambigNrisk	1.000000	fminunc
12632678	0.387626	0.457558	-60.557271	-0.000200	0.999994	6.000400	11.675861	ambigNrisk	1.000000	fminsearch
12736257	0.356557	0.432341	-1.076780	-6.940841	0.795643	19.881681	25.557142	ambigNrisk	1.000000	fminunc
12763491	0.178747	-0.263925	-100.798373	-1.386294	0.959184	8.772589	14.448050	ambigNrisk	1.000000	fminsearch
12903031	0.830404	0.891573	-0.045635	-9.346024	0.724827	24.692047	30.367508	ambigNrisk	1.000000	fminunc
13641683	0.178701	-0.499524	-167122.679614	-0.004500	0.999868	6.009000	11.684461	ambigNrisk	1.000000	fminsearch
13805877	0.968673	-0.362080	-0.010158	-18.361474	0.459388	42.722947	48.398408	ambigNrisk	1.000000	fminunc
13824698	0.178701	-0.499524	-167122.679614	-0.004500	0.999868	6.009000	11.684461	ambigNrisk	1.000000	fminsearch
14445028	0.404576	4.091700	-0.896684	-4.613290	0.864172	15.226579	20.902040	ambigNrisk	1.000000	fminsearch
14561640	0.832087	-0.035581	-0.122063	-7.558420	0.777459	21.116841	26.792302	ambigNrisk	1.000000	fminunc
14928984	0.178701	-0.499524	-167122.679614	-0.004500	0.999868	6.009000	11.684461	ambigNrisk	1.000000	fminsearch
15372715	0.848384	0.122301	-0.106092	-8.055741	0.762817	22.111483	27.786944	ambigNrisk	1.000000	fminunc
15444538	0.362931	0.157940	-0.758113	-13.719204	0.596069	33.438408	39.113869	ambigNrisk	1.000000	fminunc
15843584	0.198276	4.091700	-3.621859	-3.549728	0.895486	13.099456	18.774917	ambigNrisk	1.000000	fminsearch
16106948	0.392637	4.091700	-1.545969	-3.300848	0.902814	12.601697	18.277158	ambigNrisk	1.000000	fminsearch
16557229	0.178701	-0.499524	-167122.679614	-0.004500	0.999868	6.009000	11.684461	ambigNrisk	1.000000	fminsearch
16661641	0.178700	-1.154947	0.610282	-31.633008	0.068637	69.266015	74.941476	ambigNrisk	1.000000	fminsearch
16804268	0.430272	-0.148308	-0.529773	-17.419207	0.487131	40.838413	46.513874	ambigNrisk	1.000000	fminunc
16895548	0.838875	-0.195817	-0.049548	-12.927987	0.619364	31.855975	37.531436	ambigNrisk	1.000000	fminunc
16997719	0.178700	4.091700	-2.843938	-4.816763	0.858181	15.633525	21.308986	ambigNrisk	1.000000	fminsearch
17080701	0.823301	0.550182	-0.007923	-31.005446	0.087114	68.010891	73.686352	ambigNrisk	1.000000	fminunc
17365254	0.522157	0.921212	-0.141210	-18.783629	0.446958	43.567259	49.242720	ambigNrisk	1.000000	fminunc
17805361	0.747074	0.850040	-0.031655	-21.045089	0.380375	48.090178	53.765638	ambigNrisk	1.000000	fminunc
18555969	0.791744	2.059740	-1.788982	-1.386894	0.959166	8.773789	14.449250	ambigNrisk	1.000000	fminsearch
18572507	0.475891	-0.042094	-0.233385	-23.896617	0.296418	53.793234	59.468695	ambigNrisk	1.000000	fminunc
18654500	0.424727	0.057569	-1.207515	-8.863366	0.739038	23.726731	29.402192	ambigNrisk	1.000000	fminunc
18980463	0.784269	0.623436	-0.052466	-12.734960	0.625048	31.469920	37.145380	ambigNrisk	1.000000	fminunc
19081345	0.272189	4.091700	-1.169180	-6.970387	0.794773	19.940774	25.616235	ambigNrisk	1.000000	fminsearch
19095099	0.178701	-0.499524	-167122.679614	-0.004500	0.999868	6.009000	11.684461	ambigNrisk	1.000000	fminsearch
19853659	0.387626	0.457558	-60.557271	-0.000200	0.999994	6.000400	11.675861	ambigNrisk	1.000000	fminsearch
20449865	0.722512	4.081400	-0.158320	-3.260542	0.904001	12.521085	18.196546	ambigNrisk	1.000000	fminunc
20802900	0.514622	0.436593	-0.240333	-15.802181	0.534740	37.604361	43.279822	ambigNrisk	1.000000	fminunc
20807772	0.664832	0.536325	-0.104888	-13.927272	0.589943	33.854544	39.530005	ambigNrisk	1.000000	fminunc
21148314	0.178701	-0.499524	-167122.679614	-0.004500	0.999868	6.009000	11.684461	ambigNrisk	1.000000	fminsearch
21257050	0.917383	0.721372	-0.012202	-20.111430	0.407864	46.222859	51.898320	ambigNrisk	1.000000	fminunc
21273291	0.775506	0.496477	-0.133013	-5.906324	0.826102	17.812649	23.488110	ambigNrisk	1.000000	fminunc
21289245	0.778352	-0.254748	-0.093690	-10.833161	0.681042	27.666322	33.341783	ambigNrisk	1.000000	fminunc
21325013	0.178701	-0.499524	-167122.679614	-0.004500	0.999868	6.009000	11.684461	ambigNrisk	1.000000	fminsearch
21511887	0.404576	4.091700	-0.896684	-4.613290	0.864172	15.226579	20.902040	ambigNrisk	1.000000	fminsearch
21924119	0.436055	0.013440	-21.377717	-4.831010	0.857762	15.662019	21.337480	ambigNrisk	1.000000	fminsearch
22502338	0.802087	0.024483	-1.965162	-3.478188	0.897593	12.956376	18.631837	ambigNrisk	1.000000	fminsearch
22740564	0.178701	-0.499524	-167122.679614	-0.004500	0.999868	6.009000	11.684461	ambigNrisk	1.000000	fminsearch
22806079	0.402816	4.091700	-0.364216	-9.618861	0.716794	25.237722	30.913183	ambigNrisk	1.000000	fminsearch
22939528	1.504877	1.080799	-0.000231	-17.207592	0.493361	40.415184	46.090645	ambigNrisk	1.000000	fminsearch
23039145	0.298750	-0.308892	-2.222108	-9.952055	0.706984	25.904109	31.579570	ambigNrisk	1.000000	fminunc
23333970	0.562465	1.072798	-0.171188	-11.497448	0.661483	28.994896	34.670356	ambigNrisk	1.000000	fminunc
23580859	0.652726	0.541498	-0.134841	-11.439290	0.663196	28.878580	34.554041	ambigNrisk	1.000000	fminunc
23603498	0.969917	1.425121	-0.009027	-14.311180	0.578639	34.622359	40.297820	ambigNrisk	1.000000	fminunc
23665558	0.600880	0.982806	-0.143524	-11.268281	0.668231	28.536562	34.212023	ambigNrisk	1.000000	fminunc
23733910	0.430677	0.897840	-27.039202	-1.386494	0.959178	8.772989	14.448450	ambigNrisk	1.000000	fminsearch
24592991	0.579994	0.512637	-0.203114	-12.023506	0.645995	30.047013	35.722474	ambigNrisk	1.000000	fminunc
24869237	0.941140	0.957248	-0.013147	-14.886847	0.561690	35.773695	41.449156	ambigNrisk	1.000000	fminunc
25051878	0.311998	0.744486	-0.925180	-9.827521	0.710651	25.655042	31.330503	ambigNrisk	1.000000	fminunc
25361174	0.178700	4.091700	-2.843938	-4.816763	0.858181	15.633525	21.308986	ambigNrisk	1.000000	fminsearch
25451961	0.860144	1.158831	-0.038231	-8.104849	0.761371	22.209698	27.885159	ambigNrisk	1.000000	fminunc
25540529	0.178700	4.091700	-3.880838	-3.591241	0.894264	13.182483	18.857944	ambigNrisk	1.000000	fminsearch
25676317	0.178714	-0.500079	-244352.975076	-1.390795	0.959051	8.781589	14.457050	ambigNrisk	1.000000	fminsearch
25775740	0.178701	-0.499524	-167122.679614	-0.004500	0.999868	6.009000	11.684461	ambigNrisk	1.000000	fminsearch
26055103	0.198276	4.091700	-3.621859	-3.549728	0.895486	13.099456	18.774917	ambigNrisk	1.000000	fminsearch
26102920	0.861353	-0.057820	-1.399195	-1.387694	0.959142	8.775389	14.450850	ambigNrisk	1.000000	fminsearch
26259666	0.748539	0.670398	-0.114906	-6.691161	0.802994	19.382322	25.057783	ambigNrisk	1.000000	fminunc
26460196	0.178701	-0.499524	-167122.679614	-0.004500	0.999868	6.009000	11.684461	ambigNrisk	1.000000	fminsearch
26698554	0.328603	1.824596	-17.475745	-1.386294	0.959184	8.772589	14.448050	ambigNrisk	1.000000	fminsearch
27400171	0.625351	0.125072	-0.115712	-18.879520	0.444135	43.759039	49.434500	ambigNrisk	1.000000	fminunc
27580674	0.762384	0.448874	-0.051394	-16.168369	0.523959	38.336738	44.012199	ambigNrisk	1.000000	fminunc
27836861	0.392587	4.091700	-0.451970	-8.496471	0.749840	22.992941	28.668402	ambigNrisk	1.000000	fminsearch
27931088	0.387626	0.457558	-60.557271	-0.000200	0.999994	6.000400	11.675861	ambigNrisk	1.000000	fminsearch
28011402	0.328603	1.824596	-17.475745	-1.386294	0.959184	8.772589	14.448050	ambigNrisk	1.000000	fminsearch
28281717	0.387626	0.457558	-60.557271	-0.000200	0.999994	6.000400	11.675861	ambigNrisk	1.000000	fminsearch
28371831	0.223466	1.354241	-121.374752	-0.000000	1.000000	6.000000	11.675461	ambigNrisk	1.000000	fminsearch
28592394	0.409046	0.237477	-0.947200	-7.866839	0.768379	21.733677	27.409138	ambigNrisk	1.000000	fminunc
28609832	0.178701	-0.499524	-167122.679614	-0.004500	0.999868	6.009000	11.684461	ambigNrisk	1.000000	fminsearch
28763843	0.178701	-0.499524	-167122.679614	-0.004500	0.999868	6.009000	11.684461	ambigNrisk	1.000000	fminsearch
28937165	0.235946	4.091700	-2.265528	-4.574901	0.865302	15.149802	20.825263	ambigNrisk	1.000000	fminsearch
29380431	0.288128	-0.381294	-1.850264	-13.309283	0.608138	32.618567	38.294028	ambigNrisk	1.000000	fminunc
29929735	0.676344	0.159619	-0.138927	-10.548527	0.689422	27.097054	32.772515	ambigNrisk	1.000000	fminunc
30409871	0.404576	4.091700	-0.896684	-4.613290	0.864172	15.226579	20.902040	ambigNrisk	1.000000	fminsearch
30491829	0.855300	0.691036	-0.014074	-23.848294	0.297840	53.696588	59.372049	ambigNrisk	1.000000	fminunc
30873660	0.626498	0.869392	-0.118610	-12.436679	0.633830	30.873357	36.548818	ambigNrisk	1.000000	fminunc
31007684	0.594369	0.352468	-0.131406	-18.844124	0.445177	43.688247	49.363708	ambigNrisk	1.000000	fminunc
31274220	0.694982	4.091700	-0.053043	-9.734474	0.713390	25.468948	31.144409	ambigNrisk	1.000000	fminsearch
31637262	2.949500	-2.070800	-0.000000	-28.903064	0.149014	63.806127	69.481588	ambigNrisk	1.000000	fminsearch
31787201	0.692567	0.165679	-0.043440	-25.680940	0.243882	57.361879	63.037340	ambigNrisk	1.000000	fminunc
31913614	0.624751	0.540865	-0.241185	-6.966671	0.794882	19.933342	25.608803	ambigNrisk	1.000000	fminunc
32024524	0.763852	0.396879	-0.028959	-24.125761	0.289671	54.251521	59.926982	ambigNrisk	1.000000	fminunc
32174002	0.832689	1.742750	-0.031592	-9.746052	0.713049	25.492103	31.167564	ambigNrisk	1.000000	fminunc
32362220	0.570062	0.682704	-0.203057	-11.185255	0.670675	28.370510	34.045971	ambigNrisk	1.000000	fminunc
32458279	0.835125	0.841720	-1.852148	-0.000807	0.999976	6.001615	11.677076	ambigNrisk	1.000000	fminsearch
32917673	0.761112	-0.397208	-0.141475	-8.510451	0.749429	23.020901	28.696362	ambigNrisk	1.000000	fminunc
33265185	0.490526	1.101567	-0.338928	-8.540082	0.748556	23.080164	28.755625	ambigNrisk	1.000000	fminunc
33324620	0.481010	-0.274654	-0.736841	-9.105723	0.731902	24.211446	29.886906	ambigNrisk	1.000000	fminunc
33518598	0.397909	4.091700	-1.330249	-3.612075	0.893651	13.224150	18.899611	ambigNrisk	1.000000	fminsearch
33771394	0.875535	-0.582981	-0.036437	-12.147020	0.642358	30.294040	35.969501	ambigNrisk	1.000000	fminunc
33943831	1.299380	0.197373	-0.001766	-12.579723	0.629618	31.159447	36.834907	ambigNrisk	1.000000	fminsearch
33996210	0.198276	4.091700	-3.621859	-3.549728	0.895486	13.099456	18.774917	ambigNrisk	1.000000	fminsearch
34031192	0.178701	-0.499524	-167122.679614	-0.004500	0.999868	6.009000	11.684461	ambigNrisk	1.000000	fminsearch
34493170	0.178700	0.229039	-2.836747	-6.989732	0.794203	19.979464	25.654925	ambigNrisk	1.000000	fminsearch
34546043	0.178701	-0.499524	-167122.679614	-0.004500	0.999868	6.009000	11.684461	ambigNrisk	1.000000	fminsearch
34807247	0.834442	0.923067	-0.068108	-6.502466	0.808549	19.004932	24.680392	ambigNrisk	1.000000	fminunc
35290405	0.235946	4.091700	-2.265528	-4.574901	0.865302	15.149802	20.825263	ambigNrisk	1.000000	fminsearch
35391400	0.846029	-0.009253	-0.025487	-18.838942	0.445330	43.677883	49.353344	ambigNrisk	1.000000	fminunc
35784446	0.470478	0.258538	-14.924540	-1.386494	0.959178	8.772989	14.448450	ambigNrisk	1.000000	fminsearch
36091862	0.272189	4.091700	-1.169182	-6.970387	0.794773	19.940774	25.616235	ambigNrisk	1.000000	fminsearch
36097136	0.724348	1.357782	-5.001931	-0.000600	0.999982	6.001200	11.676661	ambigNrisk	1.000000	fminsearch
36451713	0.328603	1.824596	-17.475745	-1.386294	0.959184	8.772589	14.448050	ambigNrisk	1.000000	fminsearch
36664627	0.757733	-0.362343	-0.050036	-18.045951	0.468677	42.091901	47.767362	ambigNrisk	1.000000	fminunc
36694687	1.251606	0.957116	-0.000109	-33.324378	0.018838	72.648757	78.324218	ambigNrisk	1.000000	fminsearch
36718880	0.404576	4.091700	-0.896684	-4.613290	0.864172	15.226579	20.902040	ambigNrisk	1.000000	fminsearch
36986192	0.430677	0.897840	-27.039202	-1.386494	0.959178	8.772989	14.448450	ambigNrisk	1.000000	fminsearch
37565973	1.389472	-0.169644	-0.001010	-11.275892	0.668007	28.551783	34.227244	ambigNrisk	1.000000	fminsearch
37914753	1.150627	0.758056	-0.003838	-14.156999	0.583179	34.313998	39.989459	ambigNrisk	1.000000	fminsearch
38424159	0.555923	-0.615799	-0.068823	-29.487885	0.131795	64.975770	70.651231	ambigNrisk	1.000000	fminunc
38688935	0.178701	-0.499524	-167122.679614	-0.004500	0.999868	6.009000	11.684461	ambigNrisk	1.000000	fminsearch
39072995	0.392637	4.091700	-1.545969	-3.300848	0.902814	12.601697	18.277158	ambigNrisk	1.000000	fminsearch
39977423	0.404576	4.091700	-0.896684	-4.613290	0.864172	15.226579	20.902040	ambigNrisk	1.000000	fminsearch
40259347	0.627251	0.548684	-0.144445	-12.468914	0.632881	30.937828	36.613289	ambigNrisk	1.000000	fminunc
40298760	0.746308	1.230143	-0.037253	-15.848798	0.533368	37.697596	43.373057	ambigNrisk	1.000000	fminunc
40381060	0.387626	0.457558	-60.557271	-0.000200	0.999994	6.000400	11.675861	ambigNrisk	1.000000	fminsearch
40442599	0.523355	0.154787	-0.681402	-7.192206	0.788242	20.384412	26.059873	ambigNrisk	1.000000	fminunc
40510545	0.375732	4.091700	-0.756654	-5.993518	0.823534	17.987036	23.662497	ambigNrisk	1.000000	fminsearch
40821809	0.439058	0.021379	-21.738005	-3.438225	0.898769	12.876449	18.551910	ambigNrisk	1.000000	fminsearch
40845494	0.178701	-0.499524	-167122.679614	-0.004500	0.999868	6.009000	11.684461	ambigNrisk	1.000000	fminsearch
41066214	0.178701	-0.499524	-167122.679614	-0.004500	0.999868	6.009000	11.684461	ambigNrisk	1.000000	fminsearch
41151865	0.328603	1.824596	-17.475745	-1.386294	0.959184	8.772589	14.448050	ambigNrisk	1.000000	fminsearch
41181823	0.628526	0.548802	-0.107482	-16.671632	0.509141	39.343265	45.018726	ambigNrisk	1.000000	fminunc
41518270	0.658712	0.498521	-0.219716	-6.460381	0.809789	18.920762	24.596223	ambigNrisk	1.000000	fminunc
41648113	1.377392	1.013341	-0.001572	-7.081094	0.791513	20.162187	25.837648	ambigNrisk	1.000000	fminsearch
41683052	0.844979	0.553006	-0.055707	-9.019792	0.734432	24.039584	29.715045	ambigNrisk	1.000000	fminunc
41990773	1.030887	0.661987	-0.004129	-24.171065	0.288337	54.342130	60.017591	ambigNrisk	1.000000	fminsearch
42169069	0.861278	0.055010	-0.239692	-14.927686	0.560488	35.855371	41.530832	ambigNrisk	1.000000	fminsearch
42279885	0.964128	-0.014375	-0.510033	-0.001400	0.999959	6.002800	11.678261	ambigNrisk	1.000000	fminsearch
42412494	0.178701	-0.499524	-167122.679614	-0.004500	0.999868	6.009000	11.684461	ambigNrisk	1.000000	fminsearch
42427867	0.400250	4.091700	-0.569505	-6.724319	0.802018	19.448638	25.124099	ambigNrisk	1.000000	fminsearch
42442215	0.429042	0.004068	-21.621325	-4.851582	0.857156	15.703163	21.378624	ambigNrisk	1.000000	fminsearch
42450809	0.848345	0.601195	-0.032624	-13.926243	0.589973	33.852486	39.527947	ambigNrisk	1.000000	fminunc
42470574	0.392637	4.091700	-1.545969	-3.300848	0.902814	12.601697	18.277158	ambigNrisk	1.000000	fminsearch
42569045	0.310463	4.091700	-0.153766	-23.944884	0.294997	53.889769	59.565230	ambigNrisk	1.000000	fminsearch
42579027	1.121022	1.217288	-0.004127	-12.540781	0.630765	31.081562	36.757023	ambigNrisk	1.000000	fminsearch
43150374	0.435270	0.217289	-0.836721	-8.541196	0.748524	23.082392	28.757853	ambigNrisk	1.000000	fminunc
43333651	0.483870	-0.548123	-0.472698	-14.918582	0.560756	35.837164	41.512625	ambigNrisk	1.000000	fminunc
43407831	0.235946	4.091700	-2.265528	-4.574901	0.865302	15.149802	20.825263	ambigNrisk	1.000000	fminsearch
43662822	0.178701	-0.499524	-167122.679614	-0.004500	0.999868	6.009000	11.684461	ambigNrisk	1.000000	fminsearch
43883974	0.816416	0.918715	-0.049063	-9.319867	0.725597	24.639735	30.315195	ambigNrisk	1.000000	fminunc
43912509	0.178701	-0.499524	-167122.679614	-0.004500	0.999868	6.009000	11.684461	ambigNrisk	1.000000	fminsearch
44092378	0.429637	0.433946	-0.817079	-6.718840	0.802179	19.437680	25.113141	ambigNrisk	1.000000	fminunc
44273237	0.404576	4.091700	-0.896684	-4.613290	0.864172	15.226579	20.902040	ambigNrisk	1.000000	fminsearch
44480789	0.404576	4.091700	-0.896684	-4.613290	0.864172	15.226579	20.902040	ambigNrisk	1.000000	fminsearch
44602321	0.485928	0.213369	-0.792719	-7.659434	0.774485	21.318869	26.994330	ambigNrisk	1.000000	fminunc
44761741	0.453029	4.091700	-0.951971	-3.523744	0.896251	13.047487	18.722948	ambigNrisk	1.000000	fminsearch
45136650	0.527108	-0.542444	-0.127522	-26.428364	0.221876	58.856728	64.532188	ambigNrisk	1.000000	fminunc
45293562	0.801152	-0.229539	-0.133270	-6.667714	0.803684	19.335429	25.010890	ambigNrisk	1.000000	fminunc
45306769	0.328603	1.824596	-17.475745	-1.386294	0.959184	8.772589	14.448050	ambigNrisk	1.000000	fminsearch
45633819	0.791744	2.059740	-1.788982	-1.386894	0.959166	8.773789	14.449250	ambigNrisk	1.000000	fminsearch
46728292	0.805852	0.739359	-0.137195	-3.896552	0.885275	13.793104	19.468565	ambigNrisk	1.000000	fminunc
47211862	0.697052	0.366004	-0.095195	-13.872014	0.591570	33.744029	39.419490	ambigNrisk	1.000000	fminunc
47345809	0.220839	4.091700	-1.669136	-6.522846	0.807949	19.045693	24.721154	ambigNrisk	1.000000	fminsearch
48780948	0.178700	4.091700	-0.111383	-32.381111	0.046611	70.762221	76.437682	ambigNrisk	1.000000	fminsearch
48977142	0.561112	0.299774	-0.649085	-4.978835	0.853409	15.957669	21.633130	ambigNrisk	1.000000	fminunc
49100466	0.178701	-0.499524	-167122.679614	-0.004500	0.999868	6.009000	11.684461	ambigNrisk	1.000000	fminsearch
49453588	0.472858	-1.119605	-0.226922	-22.138510	0.348181	50.277021	55.952482	ambigNrisk	1.000000	fminunc
49894782	0.657087	4.091700	-0.150311	-4.611054	0.864238	15.222108	20.897569	ambigNrisk	1.000000	fminsearch
50057314	0.223466	1.354241	-121.374752	-0.000000	1.000000	6.000000	11.675461	ambigNrisk	1.000000	fminsearch
50078303	0.797316	4.091700	-0.108291	-3.606766	0.893807	13.213531	18.888992	ambigNrisk	1.000000	fminsearch
50327536	0.178700	2.991792	-0.226997	-30.209095	0.110561	66.418190	72.093651	ambigNrisk	1.000000	fminsearch
51568876	0.412371	0.012741	-0.113191	-32.192277	0.052171	70.384554	76.060015	ambigNrisk	1.000000	fminunc
51956906	0.924688	-1.102419	-0.021990	-11.278173	0.667939	28.556346	34.231807	ambigNrisk	1.000000	fminunc
52547965	0.602499	0.510245	-0.168822	-12.758075	0.624367	31.516151	37.191612	ambigNrisk	1.000000	fminunc
52802738	0.514398	0.094093	-0.328881	-15.112083	0.555059	36.224165	41.899626	ambigNrisk	1.000000	fminunc
53006301	0.578927	0.590056	-0.104595	-21.157770	0.377057	48.315539	53.991000	ambigNrisk	1.000000	fminunc
53539784	0.580245	0.449687	-0.176969	-14.637834	0.569022	35.275667	40.951128	ambigNrisk	1.000000	fminunc
53542391	0.339545	-0.335836	-1.351134	-13.566829	0.600555	33.133658	38.809119	ambigNrisk	1.000000	fminunc
53689436	0.178700	-0.740538	-0.130398	-33.844829	0.003515	73.689657	79.365118	ambigNrisk	1.000000	fminsearch
53730198	0.429875	0.003011	-21.571849	-5.995377	0.823480	17.990753	23.666214	ambigNrisk	1.000000	fminsearch
54002742	1.471026	0.893736	-1.504546	-9.214741	0.728693	24.429481	30.104942	ambigNrisk	1.000000	fminunc
54362693	0.404576	4.091700	-0.896684	-4.613290	0.864172	15.226579	20.902040	ambigNrisk	1.000000	fminsearch
54456032	0.964128	-0.014375	-0.510033	-0.001400	0.999959	6.002800	11.678261	ambigNrisk	1.000000	fminsearch
54458361	0.178700	-1.982714	0.139697	-33.718771	0.007226	73.437542	79.113003	ambigNrisk	1.000000	fminsearch
54834634	0.598539	0.203002	-0.258602	-9.905363	0.708359	25.810726	31.486187	ambigNrisk	1.000000	fminunc
55134564	1.011051	0.599931	-0.006992	-19.735620	0.418929	45.471240	51.146701	ambigNrisk	1.000000	fminunc
55252136	0.178701	-0.499524	-167122.679614	-0.004500	0.999868	6.009000	11.684461	ambigNrisk	1.000000	fminsearch
55372685	0.429637	0.433946	-0.817079	-6.718840	0.802179	19.437680	25.113141	ambigNrisk	1.000000	fminunc
55466417	0.178701	-0.499524	-167122.679614	-0.004500	0.999868	6.009000	11.684461	ambigNrisk	1.000000	fminsearch
55674497	0.178700	2.768603	-0.558153	-21.562881	0.365129	49.125762	54.801223	ambigNrisk	1.000000	fminsearch
55679461	0.182313	4.091700	-1.890116	-6.988815	0.794230	19.977630	25.653091	ambigNrisk	1.000000	fminsearch
55988864	0.392637	4.091700	-1.545969	-3.300848	0.902814	12.601697	18.277158	ambigNrisk	1.000000	fminsearch
56075207	0.947777	0.731522	-0.021496	-10.229500	0.698815	26.459000	32.134461	ambigNrisk	1.000000	fminunc
57105219	0.969917	1.425121	-0.009027	-14.311180	0.578639	34.622359	40.297820	ambigNrisk	1.000000	fminunc
57183988	0.392788	-0.098382	-0.545718	-19.611596	0.422581	45.223191	50.898652	ambigNrisk	1.000000	fminunc
57262331	0.738846	0.250556	-0.099960	-9.618616	0.716801	25.237231	30.912692	ambigNrisk	1.000000	fminunc
57264130	0.392972	0.464276	-0.636080	-10.753332	0.683392	27.506664	33.182125	ambigNrisk	1.000000	fminunc
57426177	0.775575	0.370555	-0.069210	-11.345303	0.665963	28.690605	34.366066	ambigNrisk	1.000000	fminunc
57535138	0.737912	0.209427	-0.058144	-17.205863	0.493412	40.411726	46.087187	ambigNrisk	1.000000	fminunc
57636404	0.634991	4.091700	-0.106271	-7.526524	0.778398	21.053048	26.728508	ambigNrisk	1.000000	fminsearch
57676237	0.178700	-0.360844	0.670072	-30.645848	0.097702	67.291695	72.967156	ambigNrisk	1.000000	fminsearch
57933353	0.964128	-0.014375	-0.510033	-0.001400	0.999959	6.002800	11.678261	ambigNrisk	1.000000	fminsearch
58381224	1.710162	2.042091	-0.000080	-9.546364	0.718929	25.092727	30.768188	ambigNrisk	1.000000	fminsearch
58954753	0.178701	-0.499524	-167122.679614	-0.004500	0.999868	6.009000	11.684461	ambigNrisk	1.000000	fminsearch
59051673	0.822328	0.604338	-0.071690	-7.849900	0.768877	21.699799	27.375260	ambigNrisk	1.000000	fminunc
59108594	0.466043	0.861106	-0.403713	-9.076870	0.732752	24.153740	29.829200	ambigNrisk	1.000000	fminunc
59129454	1.422769	1.110113	-0.001139	-6.861632	0.797975	19.723265	25.398726	ambigNrisk	1.000000	fminsearch
59373521	0.851986	0.044296	-0.058351	-11.221386	0.669611	28.442771	34.118232	ambigNrisk	1.000000	fminunc
59609822	0.492740	-0.060390	-0.157946	-27.141732	0.200873	60.283465	65.958926	ambigNrisk	1.000000	fminunc
59748440	0.498222	0.651852	-0.260262	-13.717903	0.596107	33.435806	39.111267	ambigNrisk	1.000000	fminunc
60121820	0.178700	-0.898789	1.263431	-27.071068	0.202953	60.142136	65.817596	ambigNrisk	1.000000	fminsearch
60518518	0.622560	1.385061	-0.132530	-9.148192	0.730652	24.296384	29.971845	ambigNrisk	1.000000	fminunc
60555758	0.200075	-0.389193	-5.229062	-5.855908	0.827586	17.711815	23.387276	ambigNrisk	1.000000	fminunc
60610660	0.397909	4.091700	-1.330249	-3.612075	0.893651	13.224150	18.899611	ambigNrisk	1.000000	fminsearch
60659726	0.328603	1.824596	-17.475745	-1.386294	0.959184	8.772589	14.448050	ambigNrisk	1.000000	fminsearch
60716821	0.636729	0.361431	-0.221269	-8.518559	0.749190	23.037119	28.712580	ambigNrisk	1.000000	fminunc
61004326	0.223911	-0.767291	-0.480289	-31.626724	0.068822	69.253448	74.928909	ambigNrisk	1.000000	fminunc
61185720	0.654077	-0.474105	-0.721744	-4.529909	0.866627	15.059819	20.735280	ambigNrisk	1.000000	fminunc
61237801	0.178701	-0.499524	-167122.679614	-0.004500	0.999868	6.009000	11.684461	ambigNrisk	1.000000	fminsearch
61251734	0.178700	-0.332049	-0.724697	-30.085030	0.114214	66.170060	71.845521	ambigNrisk	1.000000	fminsearch
61311110	0.830502	-0.098599	-0.073154	-10.285454	0.697168	26.570907	32.246368	ambigNrisk	1.000000	fminunc
61329351	0.835129	-0.069134	-1.852077	-0.001407	0.999959	6.002815	11.678276	ambigNrisk	1.000000	fminsearch
61398295	0.785347	-0.297703	-0.088764	-10.875265	0.679802	27.750530	33.425991	ambigNrisk	1.000000	fminunc
61526166	0.483976	4.091700	-0.548146	-4.378612	0.871082	14.757225	20.432685	ambigNrisk	1.000000	fminsearch
61606046	1.102717	4.091700	-0.001592	-16.104917	0.525827	38.209833	43.885294	ambigNrisk	1.000000	fminsearch
61708523	0.178701	-0.499524	-167122.679614	-0.004500	0.999868	6.009000	11.684461	ambigNrisk	1.000000	fminsearch
62046411	0.762499	0.543793	-0.081960	-9.831937	0.710521	25.663873	31.339334	ambigNrisk	1.000000	fminunc
62141459	0.419762	-0.019403	-23.077796	-3.274740	0.903583	12.549481	18.224942	ambigNrisk	1.000000	fminsearch
63179770	0.178701	-0.499524	-167122.679614	-0.004500	0.999868	6.009000	11.684461	ambigNrisk	1.000000	fminsearch
63433536	0.178701	-0.499524	-167122.679614	-0.004500	0.999868	6.009000	11.684461	ambigNrisk	1.000000	fminsearch
63457978	0.502955	-0.035751	-0.159678	-26.260112	0.226830	58.520224	64.195685	ambigNrisk	1.000000	fminunc
63555005	0.607090	1.123486	-0.155720	-9.273090	0.726975	24.546181	30.221642	ambigNrisk	1.000000	fminunc
63834293	0.235946	4.091700	-2.265528	-4.574901	0.865302	15.149802	20.825263	ambigNrisk	1.000000	fminsearch
63976534	0.306629	1.809934	-0.574728	-13.156414	0.612639	32.312828	37.988289	ambigNrisk	1.000000	fminunc
64852598	0.776803	0.955118	-0.024596	-21.028574	0.380861	48.057147	53.732608	ambigNrisk	1.000000	fminunc
64945619	0.817409	-0.212966	-0.163307	-4.495826	0.867631	14.991651	20.667112	ambigNrisk	1.000000	fminunc
65118114	1.155608	-2.070800	-0.000207	-31.001908	0.087218	68.003815	73.679276	ambigNrisk	1.000000	fminsearch
65162042	0.178700	-0.513592	-0.566205	-31.736376	0.065594	69.472752	75.148213	ambigNrisk	1.000000	fminsearch
66055811	0.251025	4.091700	-1.516032	-6.143141	0.819129	18.286282	23.961743	ambigNrisk	1.000000	fminsearch
66544727	0.251025	4.091700	-1.516032	-6.143141	0.819129	18.286282	23.961743	ambigNrisk	1.000000	fminsearch
66844447	0.178701	-0.499524	-167122.679614	-0.004500	0.999868	6.009000	11.684461	ambigNrisk	1.000000	fminsearch
67821258	0.608615	-0.051584	-0.142285	-17.778115	0.476563	41.556230	47.231691	ambigNrisk	1.000000	fminunc
67980378	0.360015	-0.120445	-101.017210	-1.386494	0.959178	8.772989	14.448450	ambigNrisk	1.000000	fminsearch
68061951	0.416600	0.126987	-0.972527	-9.077925	0.732721	24.155850	29.831311	ambigNrisk	1.000000	fminunc
68534819	0.652273	4.091700	-0.103242	-6.950272	0.795365	19.900544	25.576004	ambigNrisk	1.000000	fminsearch
68537118	0.178701	-0.499524	-167122.679614	-0.004500	0.999868	6.009000	11.684461	ambigNrisk	1.000000	fminsearch
68760877	0.912030	-0.584137	-0.022584	-13.915824	0.590280	33.831649	39.507110	ambigNrisk	1.000000	fminunc
69248099	0.865864	0.664868	-0.063840	-6.745297	0.801400	19.490593	25.166054	ambigNrisk	1.000000	fminunc
69267393	1.267791	0.799725	-0.003103	-7.500837	0.779155	21.001674	26.677135	ambigNrisk	1.000000	fminsearch
69321868	0.178701	-0.499524	-167122.679614	-0.004500	0.999868	6.009000	11.684461	ambigNrisk	1.000000	fminsearch
69378386	0.178747	-0.263925	-100.798373	-1.386294	0.959184	8.772589	14.448050	ambigNrisk	1.000000	fminsearch
69780344	0.387626	0.457558	-60.557271	-0.000200	0.999994	6.000400	11.675861	ambigNrisk	1.000000	fminsearch
70359385	0.911126	0.717988	-0.845840	-1.387294	0.959154	8.774589	14.450050	ambigNrisk	1.000000	fminsearch
70422278	0.178701	-0.499524	-167122.679614	-0.004500	0.999868	6.009000	11.684461	ambigNrisk	1.000000	fminsearch
70987540	0.196217	-0.462739	-3.190972	-12.287680	0.638217	30.575360	36.250821	ambigNrisk	1.000000	fminunc
71165675	0.404576	4.091700	-0.896684	-4.613290	0.864172	15.226579	20.902040	ambigNrisk	1.000000	fminsearch
71540188	0.945725	0.844819	-0.024099	-8.397960	0.752741	22.795920	28.471381	ambigNrisk	1.000000	fminunc
71680031	0.616762	0.531662	-0.068925	-24.338589	0.283405	54.677179	60.352639	ambigNrisk	1.000000	fminunc
71722697	0.837189	1.144243	-0.062706	-5.845749	0.827885	17.691498	23.366959	ambigNrisk	1.000000	fminunc
71925144	0.404576	4.091700	-0.896684	-4.613290	0.864172	15.226579	20.902040	ambigNrisk	1.000000	fminsearch
71961237	0.423265	0.521988	-0.415711	-14.101837	0.584803	34.203674	39.879135	ambigNrisk	1.000000	fminunc
71997398	0.252856	4.091700	-1.561166	-5.927026	0.825492	17.854052	23.529513	ambigNrisk	1.000000	fminsearch
72025988	0.929039	0.785549	-0.015437	-15.260894	0.550677	36.521788	42.197249	ambigNrisk	1.000000	fminunc
72214685	0.178701	-0.499524	-167122.679614	-0.004500	0.999868	6.009000	11.684461	ambigNrisk	1.000000	fminsearch
72348033	0.604688	0.377526	-0.122671	-18.681523	0.449964	43.363046	49.038507	ambigNrisk	1.000000	fminunc
72451762	0.178701	-0.499524	-167122.679614	-0.004500	0.999868	6.009000	11.684461	ambigNrisk	1.000000	fminsearch
72508913	0.942190	0.490040	-0.002176	-32.415834	0.045589	70.831667	76.507128	ambigNrisk	1.000000	fminsearch
72520103	0.295457	4.091700	-0.874780	-7.984372	0.764918	21.968743	27.644204	ambigNrisk	1.000000	fminsearch
72523430	0.187937	-0.205442	-1.967054	-16.162396	0.524135	38.324792	44.000253	ambigNrisk	1.000000	fminunc
72786205	0.792120	0.906130	-0.072075	-7.475814	0.779891	20.951627	26.627088	ambigNrisk	1.000000	fminunc
73289935	0.446544	0.148408	-1.072925	-7.827527	0.769536	21.655055	27.330516	ambigNrisk	1.000000	fminunc
73344071	0.453029	4.091700	-0.951971	-3.523744	0.896251	13.047487	18.722948	ambigNrisk	1.000000	fminsearch
73350040	0.990159	0.022586	-0.004752	-24.669971	0.273648	55.339942	61.015403	ambigNrisk	1.000000	fminsearch
73389920	0.459562	-0.640061	-0.749622	-12.029932	0.645806	30.059863	35.735324	ambigNrisk	1.000000	fminunc
73390311	0.240860	4.091700	-1.272339	-7.548690	0.777746	21.097381	26.772841	ambigNrisk	1.000000	fminsearch
73501423	0.791744	2.059740	-1.788982	-1.386894	0.959166	8.773789	14.449250	ambigNrisk	1.000000	fminsearch
73819545	0.395446	0.145218	-0.558835	-16.176948	0.523706	38.353895	44.029356	ambigNrisk	1.000000	fminunc
73840841	0.489310	0.351102	-0.809303	-5.727504	0.831366	17.455009	23.130470	ambigNrisk	1.000000	fminunc
75645604	0.429637	0.433946	-0.817079	-6.718840	0.802179	19.437680	25.113141	ambigNrisk	1.000000	fminunc
75885860	0.328603	1.824596	-17.475745	-1.386294	0.959184	8.772589	14.448050	ambigNrisk	1.000000	fminsearch
75990512	0.570720	0.399217	-0.317045	-8.676740	0.744533	23.353479	29.028940	ambigNrisk	1.000000	fminunc
76523430	0.178701	-0.499524	-167122.679614	-0.004500	0.999868	6.009000	11.684461	ambigNrisk	1.000000	fminsearch
76623353	0.178700	4.091700	-2.466990	-5.517905	0.837538	17.035810	22.711271	ambigNrisk	1.000000	fminsearch
76632000	0.333102	4.091700	-0.757043	-7.466177	0.780175	20.932353	26.607814	ambigNrisk	1.000000	fminsearch
76862779	0.328603	1.824596	-17.475745	-1.386294	0.959184	8.772589	14.448050	ambigNrisk	1.000000	fminsearch
77042383	0.324875	-0.294753	-1.390657	-13.821637	0.593053	33.643275	39.318736	ambigNrisk	1.000000	fminunc
77188979	0.178701	-0.499524	-167122.679614	-0.004500	0.999868	6.009000	11.684461	ambigNrisk	1.000000	fminsearch
77258457	0.724480	0.917996	-0.095419	-8.006518	0.764266	22.013037	27.688498	ambigNrisk	1.000000	fminunc
77522659	0.737052	4.091700	-0.099558	-4.524743	0.866779	15.049486	20.724947	ambigNrisk	1.000000	fminsearch
78377432	0.387626	0.457558	-60.557271	-0.000200	0.999994	6.000400	11.675861	ambigNrisk	1.000000	fminsearch
78403060	0.755940	0.433891	-0.057688	-15.218254	0.551933	36.436508	42.111969	ambigNrisk	1.000000	fminunc
78421707	0.178700	4.091700	-1.760981	-7.600333	0.776225	21.200667	26.876128	ambigNrisk	1.000000	fminsearch
78434511	0.178700	4.091700	-1.418206	-9.263434	0.727259	24.526868	30.202329	ambigNrisk	1.000000	fminsearch
78554277	0.934663	0.461401	-0.014670	-17.241999	0.492348	40.483999	46.159460	ambigNrisk	1.000000	fminunc
78736998	1.174014	0.349021	-0.000665	-29.254028	0.138681	64.508056	70.183517	ambigNrisk	1.000000	fminsearch
78974144	0.695846	0.506149	-0.096004	-12.865326	0.621209	31.730652	37.406113	ambigNrisk	1.000000	fminunc
79037429	0.483976	4.091700	-0.548146	-4.378612	0.871082	14.757225	20.432685	ambigNrisk	1.000000	fminsearch
79091060	0.355388	0.074293	-0.555339	-20.226119	0.404487	46.452238	52.127699	ambigNrisk	1.000000	fminunc
79417008	0.961342	1.155746	-0.033133	-4.737993	0.860500	15.475986	21.151447	ambigNrisk	1.000000	fminunc
79704086	0.824681	0.970803	-0.036570	-11.446211	0.662992	28.892422	34.567883	ambigNrisk	1.000000	fminunc
79776221	0.679609	0.599710	-0.102309	-12.396226	0.635021	30.792453	36.467914	ambigNrisk	1.000000	fminunc
79838447	0.392637	4.091700	-1.545969	-3.300848	0.902814	12.601697	18.277158	ambigNrisk	1.000000	fminsearch
80254174	0.799015	0.726039	-0.033785	-16.486671	0.514587	38.973341	44.648802	ambigNrisk	1.000000	fminunc
80450935	0.958995	0.631341	-0.014955	-14.334827	0.577943	34.669654	40.345114	ambigNrisk	1.000000	fminunc
80505335	0.483976	4.091700	-0.548146	-4.378612	0.871082	14.757225	20.432685	ambigNrisk	1.000000	fminsearch
81440351	0.616145	-0.118920	-0.067220	-26.936079	0.206928	59.872157	65.547618	ambigNrisk	1.000000	fminunc
81747532	0.492075	0.365862	-0.796803	-5.593719	0.835306	17.187437	22.862898	ambigNrisk	1.000000	fminunc
82176897	0.492711	0.174630	-0.512736	-11.158020	0.671477	28.316041	33.991502	ambigNrisk	1.000000	fminunc
82178151	0.198276	4.091700	-3.621859	-3.549728	0.895486	13.099456	18.774917	ambigNrisk	1.000000	fminsearch
82287510	0.430862	0.006815	-21.225945	-5.589527	0.835429	17.179054	22.854515	ambigNrisk	1.000000	fminsearch
82424472	0.272189	4.091700	-1.169180	-6.970387	0.794773	19.940774	25.616235	ambigNrisk	1.000000	fminsearch
82629443	0.178701	-0.499524	-167122.679614	-0.004500	0.999868	6.009000	11.684461	ambigNrisk	1.000000	fminsearch
82672514	0.178700	4.091700	-1.616133	-8.229777	0.757693	22.459554	28.135015	ambigNrisk	1.000000	fminsearch
82946703	0.178701	-0.499524	-167122.679614	-0.004500	0.999868	6.009000	11.684461	ambigNrisk	1.000000	fminsearch
83036519	1.015550	0.111031	-0.007711	-18.658336	0.450647	43.316673	48.992134	ambigNrisk	1.000000	fminunc
83210418	0.467534	-0.328215	-13.892293	-1.387095	0.959160	8.774190	14.449651	ambigNrisk	1.000000	fminsearch
83718691	0.744789	0.520750	-0.152845	-5.879816	0.826882	17.759632	23.435093	ambigNrisk	1.000000	fminunc
83777740	1.045440	1.963618	-0.001495	-26.651583	0.215304	59.303165	64.978626	ambigNrisk	1.000000	fminsearch
83937666	0.178701	-0.499524	-167122.679614	-0.004500	0.999868	6.009000	11.684461	ambigNrisk	1.000000	fminsearch
84331533	0.370385	-1.576801	-0.106346	-32.261574	0.050130	70.523148	76.198609	ambigNrisk	1.000000	fminunc
85377057	1.472526	0.839863	-0.000693	-9.677998	0.715053	25.355995	31.031456	ambigNrisk	1.000000	fminsearch
85517945	0.387967	0.220649	-0.822983	-10.268776	0.697659	26.537553	32.213014	ambigNrisk	1.000000	fminunc
86212281	0.404576	4.091700	-0.896684	-4.613290	0.864172	15.226579	20.902040	ambigNrisk	1.000000	fminsearch
86315571	0.835125	1.993508	-1.852155	-1.387102	0.959160	8.774203	14.449664	ambigNrisk	1.000000	fminsearch
86709886	0.198276	4.091700	-3.621859	-3.549728	0.895486	13.099456	18.774917	ambigNrisk	1.000000	fminsearch
86913298	0.404576	4.091700	-0.896684	-4.613290	0.864172	15.226579	20.902040	ambigNrisk	1.000000	fminsearch
87099627	1.587402	0.839390	-0.000069	-24.197137	0.287570	54.394275	60.069735	ambigNrisk	1.000000	fminsearch
87104297	0.275387	4.091700	-0.928991	-8.374629	0.753428	22.749257	28.424718	ambigNrisk	1.000000	fminsearch
87178999	0.387626	0.457558	-60.557271	-0.000200	0.999994	6.000400	11.675861	ambigNrisk	1.000000	fminsearch
87310564	0.453029	4.091700	-0.951971	-3.523744	0.896251	13.047487	18.722948	ambigNrisk	1.000000	fminsearch
87471015	0.377052	0.313488	-1.112164	-6.638471	0.804545	19.276942	24.952402	ambigNrisk	1.000000	fminunc
87690434	0.404576	4.091700	-0.896684	-4.613290	0.864172	15.226579	20.902040	ambigNrisk	1.000000	fminsearch
88123959	0.178701	-0.499524	-167122.679614	-0.004500	0.999868	6.009000	11.684461	ambigNrisk	1.000000	fminsearch
88398464	0.345044	0.020938	-0.928552	-13.842597	0.592436	33.685194	39.360655	ambigNrisk	1.000000	fminunc
88417962	0.178701	-0.499524	-167122.679614	-0.004500	0.999868	6.009000	11.684461	ambigNrisk	1.000000	fminsearch
88463693	0.836987	0.778854	-0.034620	-12.528363	0.631130	31.056725	36.732186	ambigNrisk	1.000000	fminunc
89267901	0.649709	4.091700	-0.081700	-8.722572	0.743183	23.445144	29.120604	ambigNrisk	1.000000	fminsearch
89904750	0.404576	4.091700	-0.896684	-4.613290	0.864172	15.226579	20.902040	ambigNrisk	1.000000	fminsearch
90152873	0.328603	1.824596	-17.475745	-1.386294	0.959184	8.772589	14.448050	ambigNrisk	1.000000	fminsearch
90152957	0.523355	0.154787	-0.681402	-7.192206	0.788242	20.384412	26.059873	ambigNrisk	1.000000	fminunc
90741024	0.178701	-0.499524	-167122.679614	-0.004500	0.999868	6.009000	11.684461	ambigNrisk	1.000000	fminsearch
91678380	0.178700	4.091700	-0.128517	-31.906474	0.060585	69.812948	75.488409	ambigNrisk	1.000000	fminsearch
92467085	0.387626	0.457558	-60.557271	-0.000200	0.999994	6.000400	11.675861	ambigNrisk	1.000000	fminsearch
92758494	0.365524	-0.021371	-0.622752	-18.891312	0.443788	43.782625	49.458086	ambigNrisk	1.000000	fminunc
93136684	0.926298	0.530929	-0.013627	-18.926471	0.442753	43.852942	49.528403	ambigNrisk	1.000000	fminunc
93245835	0.527057	0.268034	-0.639302	-6.666431	0.803722	19.332862	25.008323	ambigNrisk	1.000000	fminunc
93246623	0.797567	1.858469	-0.108982	-4.995427	0.852921	15.990853	21.666314	ambigNrisk	1.000000	fminunc
93283651	0.338616	-0.121192	-0.268490	-30.430725	0.104036	66.861450	72.536911	ambigNrisk	1.000000	fminunc
93452887	0.276709	4.091700	-0.803131	-9.398215	0.723291	24.796429	30.471890	ambigNrisk	1.000000	fminsearch
93666251	0.178701	-0.499524	-167122.679614	-0.004500	0.999868	6.009000	11.684461	ambigNrisk	1.000000	fminsearch
93855508	0.387626	0.457558	-60.557271	-0.000200	0.999994	6.000400	11.675861	ambigNrisk	1.000000	fminsearch
93986723	0.178700	4.091700	-3.880838	-3.591241	0.894264	13.182483	18.857944	ambigNrisk	1.000000	fminsearch
94063540	0.329804	4.091700	-0.649447	-8.648107	0.745376	23.296214	28.971675	ambigNrisk	1.000000	fminsearch
94341209	0.503146	0.161605	-0.799985	-7.517874	0.778653	21.035748	26.711209	ambigNrisk	1.000000	fminunc
95846466	0.404576	4.091700	-0.896684	-4.613290	0.864172	15.226579	20.902040	ambigNrisk	1.000000	fminsearch
95863806	0.392637	4.091700	-1.545969	-3.300848	0.902814	12.601697	18.277158	ambigNrisk	1.000000	fminsearch
95989998	0.791683	-0.002111	-3.038256	-6.617233	0.805170	19.234465	24.909926	ambigNrisk	1.000000	fminunc
96203426	0.178701	-0.499524	-167122.679614	-0.004500	0.999868	6.009000	11.684461	ambigNrisk	1.000000	fminsearch
96203823	0.503683	0.258823	-0.383745	-12.537512	0.630861	31.075025	36.750486	ambigNrisk	1.000000	fminunc
97192081	0.178700	4.091700	-3.880838	-3.591241	0.894264	13.182483	18.857944	ambigNrisk	1.000000	fminsearch
97363335	2.646003	0.967321	-0.000000	-15.768995	0.535717	37.537990	43.213451	ambigNrisk	1.000000	fminsearch
97553143	0.702177	0.511653	-0.046636	-22.615970	0.334124	51.231940	56.907401	ambigNrisk	1.000000	fminunc
97639431	0.223466	1.354241	-121.374752	-0.000000	1.000000	6.000000	11.675461	ambigNrisk	1.000000	fminsearch
97933038	0.178701	-0.499524	-167122.679614	-0.004500	0.999868	6.009000	11.684461	ambigNrisk	1.000000	fminsearch
98426129	0.672925	4.091700	-0.057176	-10.309248	0.696467	26.618495	32.293956	ambigNrisk	1.000000	fminsearch
98668693	0.511614	0.080027	-0.231589	-20.305532	0.402149	46.611064	52.286525	ambigNrisk	1.000000	fminunc
98834126	1.103789	0.646226	-0.003034	-21.820322	0.357550	49.640644	55.316105	ambigNrisk	1.000000	fminsearch
99018304	0.416163	-0.177093	-1.702370	-6.723734	0.802035	19.447469	25.122929	ambigNrisk	1.000000	fminunc
99026846	0.392637	4.091700	-1.545969	-3.300848	0.902814	12.601697	18.277158	ambigNrisk	1.000000	fminsearch
99027311	0.223466	1.354241	-121.374752	-0.000000	1.000000	6.000000	11.675461	ambigNrisk	1.000000	fminsearch
99986989	0.178700	4.091700	-1.497430	-8.822502	0.740241	23.645004	29.320464	ambigNrisk	1.000000	fminsearch
